[Alumno: 0 - [4, 4, 4, 4, 4]
, Alumno: 1 - [4, 4, 4, 4, 3]
, Alumno: 2 - [4, 4, 4, 4, 2]
, Alumno: 3 - [4, 4, 4, 4, 1]
, Alumno: 4 - [4, 4, 4, 4, 0]
, Alumno: 5 - [3, 4, 4, 4, 0]
, Alumno: 6 - [2, 4, 4, 4, 0]
, Alumno: 7 - [1, 4, 4, 4, 0]
, Alumno: 8 - [0, 4, 4, 4, 0]
, Alumno: 9 - [0, 3, 4, 4, 0]
, Alumno: 10 - [0, 2, 4, 4, 0]
, Alumno: 11 - [0, 1, 4, 4, 0]
, Alumno: 12 - [0, 0, 4, 4, 0]
, Alumno: 13 - [0, 0, 3, 4, 0]
, Alumno: 14 - [0, 0, 2, 4, 0]
, Alumno: 15 - [0, 0, 1, 4, 0]
, Alumno: 16 - [0, 0, 0, 4, 0]
, Alumno: 17 - [0, 0, 0, 3, 0]
, Alumno: 18 - [0, 0, 0, 2, 0]
, Alumno: 19 - [0, 0, 0, 1, 0]
, Alumno: 20 - [0, 0, 0, 0, 0]
]
