[Alumno: 0 - [4, 4, 4, 4, 4]
, Alumno: 1 - [3, 4, 4, 4, 4]
, Alumno: 2 - [2, 4, 4, 4, 4]
, Alumno: 3 - [2, 3, 4, 4, 4]
, Alumno: 4 - [2, 3, 3, 4, 4]
, Alumno: 5 - [1, 3, 3, 4, 4]
, Alumno: 6 - [1, 3, 3, 3, 4]
, Alumno: 7 - [1, 3, 3, 2, 4]
, Alumno: 8 - [1, 3, 3, 1, 4]
, Alumno: 9 - [1, 3, 2, 1, 4]
, Alumno: 10 - [1, 3, 2, 1, 3]
, Alumno: 11 - [1, 2, 2, 1, 3]
, Alumno: 12 - [0, 2, 2, 1, 3]
, Alumno: 13 - [0, 1, 2, 1, 3]
, Alumno: 14 - [0, 1, 2, 1, 2]
, Alumno: 15 - [0, 0, 2, 1, 2]
, Alumno: 16 - [0, 0, 2, 1, 1]
, Alumno: 17 - [0, 0, 1, 1, 1]
, Alumno: 18 - [0, 0, 1, 0, 1]
, Alumno: 19 - [0, 0, 0, 0, 1]
, Alumno: 20 - [0, 0, 0, 0, 0]
]
