1497 1702 492 1241 1305 632 1127 239 1223 1600 682 517 788 1255 2016 2012
1800 47 1927 360 563 640 263 753 300 1444 47 2 1119 18 1975 1152
213 517 1280 585 841 30 1589 2000 2029 1409 997 1777 1528 2008 1501 1167
1673 26 1718 844 1078 1486 1841 2016 274 1118 170 380 2004 628 1479 1374
1464 131 293 735 948 561 9 1365 146 1412 713 1671 693 1242 1759 1909
1989 1524 1773 1093 1254 92 366 637 445 416 1749 169 19 849 1417 515
1579 1941 1459 1412 432 98 1603 809 1936 1572 29 1266 807 1252 1748 50
1609 1904 2034 647 1808 980 348 294 1970 390 1483 1852 1387 588 1647 1345
904 656 946 196 1746 965 1027 1460 2031 1163 1985 1158 723 768 96 1613
146 6 59 230 990 17 1990 986 2025 716 1571 1472 1026 1308 523 691
633 1520 1737 1488 106 386 20 398 724 1679 177 1896 1741 1711 7 1515
630 1460 1088 619 1881 639 567 1922 1790 1577 1249 1119 1860 304 91 2001
1324 656 1017 425 1037 1006 1066 410 750 775 978 1131 1441 442 661 565
23 1959 1435 1558 1526 1515 1243 986 481 1167 796 195 1866 686 342 1189
8 1216 542 120 1828 1545 609 451 878 762 1408 777 836 1394 723 348
1375 710 1516 1735 1831 1716 1187 6 1046 84 638 1327 1106 1256 1992 41
