Matriz de entrada (8*8):
1	2	5	6	9	0	3	4
3	4	7	8	1	2	5	6
1	2	5	6	9	0	3	4
3	4	7	8	1	2	5	6
1	2	5	6	9	0	3	4
3	4	7	8	1	2	5	6
1	2	5	6	9	0	3	4
3	4	7	8	1	2	5	6

Es matriz valida? true
================================================================
Matriz de entrada (8*8):
1	2	5	6	9	0	3	4
3	4	7	8	1	2	5	6
1	2	5	6	9	0	3	4
3	4	7	8	1	2	5	6
1	2	5	6	9	1	3	4
3	4	7	8	1	2	5	6
1	2	5	6	9	0	3	4
3	4	7	8	1	2	7	6

Es matriz valida? false
================================================================
Matriz de entrada (16*16):
1497	1702	492	1241	1305	632	1127	239	1223	1600	682	517	788	1255	2016	2012
1800	47	1927	360	563	640	263	753	300	1444	47	2	1119	18	1975	1152
213	517	1280	585	841	30	1589	2000	2029	1409	997	1777	1528	2008	1501	1167
1673	26	1718	844	1078	1486	1841	2016	274	1118	170	380	2004	628	1479	1374
1464	131	293	735	948	561	9	1365	146	1412	713	1671	693	1242	1759	1909
1989	1524	1773	1093	1254	92	366	637	445	416	1749	169	19	849	1417	515
1579	1941	1459	1412	432	98	1603	809	1936	1572	29	1266	807	1252	1748	50
1609	1904	2034	647	1808	980	348	294	1970	390	1483	1852	1387	588	1647	1345
904	656	946	196	1746	965	1027	1460	2031	1163	1985	1158	723	768	96	1613
146	6	59	230	990	17	1990	986	2025	716	1571	1472	1026	1308	523	691
633	1520	1737	1488	106	386	20	398	724	1679	177	1896	1741	1711	7	1515
630	1460	1088	619	1881	639	567	1922	1790	1577	1249	1119	1860	304	91	2001
1324	656	1017	425	1037	1006	1066	410	750	775	978	1131	1441	442	661	565
23	1959	1435	1558	1526	1515	1243	986	481	1167	796	195	1866	686	342	1189
8	1216	542	120	1828	1545	609	451	878	762	1408	777	836	1394	723	348
1375	710	1516	1735	1831	1716	1187	6	1046	84	638	1327	1106	1256	1992	41

Es matriz valida? true
================================================================================================================================
Matriz de entrada (32*32):
748	851	246	620	652	316	563	119	611	800	341	258	394	627	1008	1006	900	23	963	180	281	320	131	376	150	722	23	1	559	9	987	576
106	258	640	292	420	15	794	1000	1014	704	498	888	764	1004	750	583	836	13	859	422	539	743	920	1008	137	559	85	190	1002	314	739	687
732	65	146	367	474	280	4	682	73	706	356	835	346	621	879	954	994	762	886	546	627	46	183	318	222	208	874	84	9	424	708	257
789	970	729	706	216	49	801	404	968	786	14	633	403	626	874	25	804	952	1017	323	904	490	174	147	985	195	741	926	693	294	823	672
452	328	473	98	873	482	513	730	1015	581	992	579	361	384	48	806	73	3	29	115	495	8	995	493	1012	358	785	736	513	654	261	345
316	760	868	744	53	193	10	199	362	839	88	948	870	855	3	757	315	730	544	309	940	319	283	961	895	788	624	559	930	152	45	1000
662	328	508	212	518	503	533	205	375	387	489	565	720	221	330	282	11	979	717	779	763	757	621	493	240	583	398	97	933	343	171	594
4	608	271	60	914	772	304	225	439	381	704	388	418	697	361	174	687	355	758	867	915	858	593	3	523	42	319	663	553	628	996	20
628	423	27	899	705	693	645	308	837	993	758	326	646	423	322	809	768	23	194	420	125	949	730	233	955	674	318	603	542	22	183	550
116	310	700	816	388	838	606	52	963	262	546	44	219	635	341	531	256	199	753	327	93	233	270	457	193	462	304	78	776	134	47	724
88	837	913	724	547	963	87	753	544	742	75	179	181	989	904	895	358	952	1009	9	589	41	618	603	279	244	525	371	967	635	222	361
931	388	19	768	280	665	684	969	294	901	65	366	231	944	143	869	618	692	745	556	311	482	640	124	36	231	488	255	94	40	727	939
444	112	839	598	619	853	688	362	460	466	352	748	275	572	763	971	211	22	153	722	942	217	704	284	938	480	36	207	199	243	589	822
988	154	339	938	141	418	99	50	839	763	685	300	439	250	491	449	849	199	552	616	598	895	611	133	383	713	1	610	706	999	730	155
70	987	515	826	707	880	820	979	738	560	349	684	65	805	357	305	533	822	979	292	709	373	124	1004	517	1	922	626	171	212	357	608
711	137	33	242	266	88	476	855	416	226	189	773	300	499	589	392	172	317	380	924	240	842	551	607	363	909	317	282	857	553	686	464
111	145	958	466	896	46	872	376	403	366	387	797	538	644	4	303	35	766	805	875	277	609	739	769	429	194	297	152	250	380	128	923
152	659	345	602	857	715	864	833	267	576	635	240	502	911	425	470	875	177	839	495	50	798	267	672	860	355	438	149	758	206	897	592
299	744	1006	16	849	775	789	785	372	877	160	235	278	177	258	916	1	359	275	792	247	818	121	663	806	560	985	20	214	633	943	169
47	675	995	31	418	746	527	487	10	186	148	730	872	388	259	228	223	198	145	588	830	557	323	779	550	236	529	995	559	475	377	423
148	637	222	254	385	785	934	266	582	541	896	106	668	600	509	358	427	432	684	864	16	568	168	633	760	467	950	941	398	686	382	137
74	962	127	313	542	837	953	509	17	173	336	836	596	174	369	383	41	997	791	416	30	776	535	152	396	650	685	920	626	282	247	657
403	291	1018	321	298	585	139	720	448	524	606	176	93	349	900	207	508	663	543	756	719	259	607	656	959	126	382	124	59	118	181	163
422	394	666	599	728	727	964	190	972	63	633	222	738	627	28	366	157	494	94	275	962	669	770	643	192	184	978	168	40	706	215	686
647	728	802	143	370	983	152	802	598	1022	853	944	687	705	411	526	412	393	590	709	226	485	943	110	299	807	850	837	86	716	788	757
558	668	538	475	607	454	268	189	618	886	87	295	875	295	834	226	299	491	453	841	758	68	983	601	501	861	745	66	452	792	433	806
239	702	761	53	705	849	104	344	774	897	464	857	996	391	312	354	225	734	854	443	691	632	626	479	17	190	619	730	853	877	282	321
291	24	565	214	387	809	195	431	999	334	406	5	81	374	52	737	205	202	402	670	92	701	479	262	739	36	165	174	993	796	539	606
534	268	570	650	252	258	445	951	28	643	765	947	163	666	713	502	193	774	44	371	988	807	490	114	879	252	454	882	320	511	707	313
64	523	319	265	524	976	596	311	596	461	63	105	213	194	602	695	1004	271	263	100	871	570	507	225	593	973	57	812	604	548	999	672
182	519	518	884	703	815	994	694	254	487	828	506	321	431	432	463	178	196	292	1	676	941	353	519	631	62	471	780	588	53	330	427
489	234	378	989	629	519	64	184	31	277	934	484	248	143	818	606	713	904	881	283	80	867	966	183	670	133	903	719	617	137	616	459

Es matriz valida? false
================================================================================================================================================================================================================================================================
Matriz de entrada (64*64). No se muestra dado el tamaño
Es matriz valida? true
================================================================================================================================================================================================================================================================
Matriz de entrada (128*128). No se muestra dado el tamaño
Es matriz valida? false
================================================================================================================================================================================================================================================================
