23952 27244 7881 19868 20886 10126 18036 3834 19580 25609 10918 8282 12621 20087 32271 32205 28809 756 30842 5766 9009 10254 4223 12057 4803 23107 761 45 17915 302 31604 18446 3423 8286 20484 9368 13460 489 25438 32004 32464 22552 15965 28432 24452 32143 24023 18678 26781 419 27488 13507 17258 23782 29469 32265 4388 17895 2721 6094 32065 10055 23670 21989
23430 2106 4693 11769 15170 8986 146 21851 2342 22593 11417 26736 11100 19872 28159 30551 31835 24394 28368 17493 20073 1472 5865 10203 7129 6665 27999 2712 316 13591 22685 8249 25274 31070 23353 22607 6921 1578 25660 12950 30976 25166 466 20267 12917 20042 27977 806 25757 30472 32554 10364 28937 15689 5580 4710 31525 6246 23733 29632 22195 9409 26358 21520
14464 10504 15141 3150 27945 15449 16444 23360 32503 18615 31761 18529 11570 12302 1548 25812 2346 102 953 3690 15848 282 31848 15789 32411 11463 25147 23564 16429 20940 8373 11059 10130 24331 27796 23810 1706 6187 333 6376 11595 26875 2842 30342 27863 27377 120 24252 10089 23373 17419 9913 30107 10238 9083 30765 28647 25239 19984 17905 29774 4869 1457 32026
21191 10497 16279 6803 16603 16101 17061 6570 12004 12403 15651 18103 23067 7076 10576 9040 381 31353 22971 24942 24423 24249 19899 15780 7703 18674 12748 3120 29866 10984 5485 19034 128 19462 8680 1922 29255 24729 9750 7229 14054 12200 22529 12447 13385 22309 11568 5570 22012 11375 24261 27762 29308 27466 19004 102 16736 1346 10222 21233 17702 20097 31886 657
20107 13542 890 28769 22577 22183 20653 9856 26798 31783 24284 10445 20690 13544 10318 25910 24587 754 6233 13457 4014 30386 23373 7459 30573 21583 10194 19301 17351 724 5864 17618 3731 9943 22411 26131 12427 26817 19412 1675 30821 8408 17502 1431 7018 20345 10935 17004 8209 6391 24102 10486 2986 7482 8668 14648 6182 14803 9757 2523 24853 4288 1526 23189
2820 26796 29236 23179 17519 30838 2806 24116 17411 23759 2404 5746 5792 31651 28949 28654 11482 30492 32306 297 18870 1332 19799 19325 8949 7829 16816 11878 30957 20324 7135 11553 29813 12426 634 24581 8985 21295 21915 31012 9433 28838 2096 11730 7414 30229 4589 27837 19780 22172 23846 17802 9957 15428 20491 3981 1172 7413 15642 8180 3036 1286 23285 30076
14225 3614 26848 19141 19808 27323 22028 11615 14747 14928 11290 23943 8827 18307 24416 31100 6755 706 4899 23122 30158 6947 22534 9112 30038 15372 1160 6636 6394 7798 18874 26325 31620 4945 10870 30039 4528 13391 3188 1619 26859 24426 21951 9623 14053 8019 15726 14370 27184 6370 17679 19723 19149 28645 19575 4270 12267 22838 53 19532 22593 31987 23388 4978
2269 31614 16494 26436 22654 28174 26240 31332 23645 17944 11190 21919 2089 25785 11445 9761 17068 26314 31336 9359 22708 11964 3985 32138 16559 47 29534 20038 5478 6804 11447 19486 22778 4388 1062 7767 8520 2828 15234 27386 13317 7251 6077 24750 9617 15970 18866 12567 5520 10171 12181 29577 7688 26944 17643 19428 11630 29092 10160 9054 27441 17702 21980 14868
3574 4641 30658 14934 28682 1493 27918 12045 12923 11714 12395 25505 17244 20633 131 9721 1133 24538 25782 28011 8890 19506 23648 24632 13746 6218 9529 4866 8026 12182 4103 29552 4872 21088 11062 19265 27445 22897 27678 26676 8553 18443 20323 7683 16079 29158 13609 15043 28000 5671 26873 15856 1628 25537 8563 21529 27525 11377 14043 4782 24287 6614 28715 18967
9589 23828 32216 525 27182 24808 25268 25134 11922 28077 5124 7526 8918 5690 8263 29343 46 11508 8804 25366 7906 26194 3884 21241 25796 17946 31549 645 6874 20286 30189 5415 1525 21609 31861 994 13379 23881 16888 15605 345 5971 4758 23364 27924 12434 8290 7322 7163 6357 4651 18846 26577 17853 10363 24953 17628 7566 16954 31854 17890 15222 12068 13540
4764 20410 7134 8151 12322 25133 29915 8516 18636 17320 28676 3417 21382 19225 16294 11465 13671 13849 21889 27655 513 18206 5402 20277 24351 14959 30419 30129 12765 21976 12255 4385 2372 30790 4090 10034 17368 26814 30520 16298 559 5546 10755 26754 19091 5585 11813 12285 1342 31934 25319 13322 977 24847 17132 4879 12675 20816 21920 29463 20059 9046 7906 21046
12916 9320 32600 10273 9541 18746 4466 23059 14336 16773 19401 5657 2986 11190 28820 6634 16287 21222 17405 24219 23009 8307 19424 20994 30706 4041 12226 3970 1904 3807 5799 5218 13516 12615 21312 19193 23318 23290 30874 6103 31108 2021 20286 7121 23642 20065 917 11738 5029 15819 3030 8801 30793 21433 24656 20584 6159 5901 31315 5390 1294 22594 6883 21952
20716 23310 25665 4598 11841 31477 4878 25672 19151 32710 27306 30230 21997 22578 13166 16851 13199 12599 18884 22712 7257 15522 30179 3531 9599 25852 27222 26797 2777 22934 25218 24240 17886 21407 17222 15216 19448 14535 8598 6075 19789 28371 2791 9446 28026 9457 26705 7242 9579 15731 14510 26919 24264 2181 31470 19249 16055 27579 23849 2116 14470 25375 13867 25799
7679 22476 24358 1697 22570 27187 3340 11034 24777 28723 14869 27443 31880 12533 10010 11342 7230 23492 27358 14183 22134 20246 20054 15336 573 6090 19832 23365 27313 28079 9024 10298 9317 776 18099 6876 12404 25901 6264 13804 31994 10719 12999 187 2592 11974 1682 23605 6573 6490 12883 21462 2974 22438 15343 8407 23672 1172 5290 5586 31797 25489 17248 19400
17101 8604 18253 20811 8095 8282 14257 30439 904 20605 24501 30311 5221 21320 22830 16071 6181 24774 1426 11899 31637 25840 15709 3652 28150 8074 14549 28245 10248 16358 22629 10031 2049 16736 10225 8496 16792 31255 19075 9977 19095 14764 2030 3370 6837 6233 19279 22253 32135 8689 8438 3200 27903 18262 16248 7207 18995 31154 1837 26014 19346 17556 31977 21521
5825 16619 16588 28316 22504 26110 31816 22231 8145 15584 26506 16218 10296 13818 13830 14817 5709 6288 9347 45 21639 30123 11306 16631 20200 1986 15097 24963 18822 1698 10565 13670 15660 7501 12110 31664 20142 16619 2066 5897 1006 8886 29911 15506 7939 4596 26197 19412 22838 28951 28212 9066 2590 27766 30928 5874 21453 4273 28925 23032 19772 4387 19730 14694
29867 15934 26292 15449 12824 2947 8515 10873 24249 25283 4623 6152 935 26108 6381 22304 13165 3123 28881 21690 3758 5048 31005 19438 29415 2765 10099 22704 11911 24215 15659 5625 2647 216 23839 19598 21594 19251 16567 893 27554 28659 27525 26995 2385 23640 27250 15860 7478 8378 18233 14004 8789 27439 13946 31654 10574 10063 2677 2872 13844 26835 13867 16288
12261 16588 5414 18696 25643 20925 5724 19302 7870 21333 16985 8287 7778 25348 31800 1665 14096 31777 17465 12808 27422 15646 3047 13445 4217 19572 19698 10135 573 3940 13171 23271 13581 8211 17375 19080 13242 11062 24411 13454 16982 21876 25509 18960 14725 30039 3466 424 12132 8563 16092 14835 27707 6033 18012 26356 28676 15883 20000 25446 19558 5236 23206 26701
10610 19750 21371 17292 28713 29327 24756 22240 3308 30253 3124 2526 10059 7209 18790 19490 12460 1733 23351 4931 3517 19487 2472 32551 26618 13459 19303 15727 20178 28722 15277 27316 9998 1970 588 143 2437 19610 18015 22252 28614 29442 30893 1040 6210 25719 2240 27189 6173 12587 4034 24018 29900 13877 14807 26988 29599 8903 24282 22991 2817 15027 9527 18510
1306 9167 24160 2759 2881 18829 9970 6000 24056 7151 25159 31546 12175 3208 18754 15834 13516 28459 10017 8319 27748 2003 10510 16626 1208 27065 2595 12425 12420 27737 19899 9736 13173 19377 23947 11616 9518 27912 27578 13667 19435 14017 10235 24602 21001 10130 6287 5997 20318 29111 32381 6067 7815 23770 18927 26911 30549 15205 3572 20142 25691 13497 4343 32122
32400 16354 20985 23866 9457 7322 23909 3720 10087 12519 25650 5111 30157 30689 13314 8413 14889 923 16461 1621 24061 21705 9847 20819 7703 27589 19961 27121 10441 10235 499 11600 31700 22001 31555 17190 8192 13509 5403 4725 2075 24524 12024 7547 12890 16247 7408 25425 10723 8058 23470 18766 16521 29448 23396 9023 9983 28777 331 1736 9649 711 4481 17468
24205 30126 29692 10404 3611 1159 4643 7716 22696 4010 19628 4112 20781 18232 24935 10077 5834 9276 30765 28035 18853 1449 22544 7081 6319 20104 28508 28939 4460 17573 2366 18014 30037 21720 15299 1821 5186 28504 13318 8701 14375 8412 2356 26047 7891 23687 22900 28587 26187 26630 9760 2131 26039 21166 8918 19903 10299 14232 31088 18188 31268 24799 6932 11573
4086 12633 7638 31139 16432 30135 22826 21095 21558 29623 32681 2957 15497 1395 6366 20008 7467 27057 2927 4754 30155 19409 25076 4322 10091 5220 12419 22329 12205 17903 17721 25096 3546 18931 13344 20781 29781 25639 25081 8912 31613 25311 3722 24663 12880 11095 21867 21428 23090 24761 19693 1545 11218 2243 26854 22770 19338 16028 14276 4149 3550 31579 19121 29400
21746 21885 18122 2900 17482 26811 22653 19262 10425 3096 14449 26158 393 31743 415 23113 22868 27579 29729 32111 30545 18424 2638 14621 3242 10478 13186 17271 26470 5663 82 16840 28958 14483 18512 27535 466 20247 31879 6233 17990 10144 12605 26166 30731 16719 23549 27056 16215 7520 4508 5866 17058 13798 28242 20780 23922 13724 1179 31334 20780 17297 11838 28431
7190 14796 11790 30449 14924 8949 29769 17917 27173 11775 22474 18178 960 28520 13002 30375 28159 10202 23498 22796 16552 15052 11642 25932 31585 31628 4209 7673 3619 10949 17899 15711 28116 29807 25938 4712 25775 31021 24956 9279 19081 3169 23578 21873 18108 10572 7246 15506 8374 26323 2625 23116 2830 3835 28695 24673 6045 14820 21848 12496 23460 25716 11426 12503
30076 18858 9454 885 3 7990 6911 18178 10970 10088 21008 16396 11219 31746 25488 29094 4533 2025 11666 27397 20727 21907 21024 206 6199 14870 2952 23505 24136 18781 23163 10351 31430 4165 23369 4975 25178 28974 19193 32767 326 27777 28823 1250 15289 4157 27037 5527 26541 4507 17308 502 22081 32209 19347 28614 12793 24703 4751 3403 28480 22321 3560 12771
10214 17110 30957 5433 30792 5725 12666 25428 5316 12729 15705 4579 29331 4737 15175 6854 11248 2244 18524 11067 821 10955 23896 789 6825 11124 27457 27275 2607 27631 21418 22562 23543 27767 22428 3462 13532 25662 19353 5775 21406 9237 25841 22465 22038 4551 7013 10731 2331 29837 828 14795 17607 25020 17057 26992 5080 24796 32295 21501 7042 6097 9054 11322
26080 5118 32223 15763 29211 10236 7961 10816 8827 1122 32662 3917 3103 5280 16788 16453 4667 226 20712 31606 32074 16071 26314 323 3622 10818 28278 15306 28488 17838 20595 18629 26562 26030 32536 20577 504 5760 27274 15872 25577 29325 593 29006 12743 9439 3451 26692 21116 32619 10652 12129 17838 28731 24509 6647 9488 24427 14712 3828 144 31195 4021 4055
8924 23404 14353 27256 12235 8946 31206 12031 30819 1914 7341 8422 13060 4539 28295 19644 25935 1785 9206 32515 16180 14422 11470 24522 13108 16236 25219 28913 26938 26520 20806 25450 27641 9079 10256 23584 29260 31674 24501 4375 30429 32084 17128 2152 25276 10354 16432 26248 22288 29061 13381 14757 13737 13712 31264 12817 16156 22588 27497 2507 12887 7406 12067 6219
2134 1435 9828 13854 3596 28173 21167 12881 24012 9830 9378 26811 4959 9074 23224 1217 3638 30876 26719 4697 21023 12635 10376 9230 137 23759 22885 9915 17663 1304 12324 25479 13065 1766 13434 243 26734 28653 28633 26871 31918 29293 20496 23346 28675 4093 6255 28518 31989 12378 24556 8316 7720 13673 23013 26678 15930 10660 1683 27974 15275 359 8062 602
2800 3038 11373 22168 19231 4270 8490 27678 22036 17009 16814 1517 22010 27211 3951 25736 23403 8411 16700 25266 6028 10098 16909 26114 17460 14300 32730 24796 21516 22693 14531 23704 10517 14644 3092 7865 22544 4093 26794 30391 14891 19222 8300 17074 28394 12338 16352 12284 10824 15924 27283 1121 5250 11129 31780 14909 12941 16085 12130 31475 16741 15614 26721 24990
8087 21244 7318 11638 28143 23395 20500 29976 22979 17777 26213 30797 19308 10828 30394 7553 15864 32485 8193 9649 14443 3215 9347 25036 25780 17461 4993 5541 8039 10336 24746 24509 8471 23136 13949 1181 15646 12876 15606 32010 4572 11875 13833 26222 15900 11160 9476 1395 4681 20686 30123 26117 14604 27675 30484 20224 12603 23174 16944 26829 17797 20325 17227 5670
4254 10708 25153 30569 19759 12426 26963 20568 12205 21606 7124 9218 14139 1953 27542 13303 9880 11430 13986 28926 13379 30621 12859 10591 16927 20043 30970 22946 15057 27318 8021 16729 14852 20430 5470 28860 13021 32604 16577 10713 27947 29671 31868 4115 24769 32550 7001 27300 8822 2030 2096 19953 22082 25843 32301 30711 17808 399 31083 23767 2641 5870 955 25107
29408 26616 19426 7136 13952 27889 25105 5377 26132 8729 28577 29987 15100 25402 27145 15539 725 25959 2477 12778 4168 29982 6360 30243 14141 13827 29190 11063 14301 2816 26194 32438 25576 13032 16001 12224 11020 10862 1382 4072 17785 17996 18179 7948 31138 12011 7031 1455 4013 17416 12492 5155 8156 15754 1603 21213 538 1418 13233 2241 5492 25889 8021 7997
15073 11346 29988 7336 13705 28789 1761 14302 27588 25021 556 9050 24944 22377 24389 15004 23082 11376 8815 17673 9859 30670 1389 6796 15020 18772 29608 24134 14615 20004 14692 17314 1285 24510 30201 23681 17671 18981 21943 16498 19781 26099 28327 7210 26179 4775 9008 21927 846 7390 18423 18353 4602 6131 2477 2893 12749 12145 23024 25988 21280 13158 22018 5329
29165 15296 20741 9614 31517 18084 2013 29956 18743 22926 13485 5510 18858 21635 6600 7251 2850 5029 24850 11738 5359 26941 30872 5059 8188 16102 7235 10184 9503 22320 26270 4111 16120 9126 18489 16296 17632 20769 21022 1228 14667 2972 4184 27968 31239 17005 13749 38 26712 30753 21012 13927 28731 29033 27742 15458 10527 2625 25992 3844 22830 30623 31243 27886
2872 32693 21499 15356 25690 28506 9414 22893 31154 5490 30548 25941 29222 23941 22904 22998 10360 8746 28349 28255 19608 23158 15018 15166 30931 20657 18877 18803 31181 19458 24200 32180 21462 3033 17470 20297 10886 9890 11451 14337 10659 27389 27408 10434 22866 9030 31661 16118 22665 16397 405 5224 25824 8939 9 29272 14125 19864 1644 16304 19003 6345 22590 19018
22782 9436 15887 3740 8647 18276 31011 27809 25702 14745 14190 745 9202 25769 32714 12834 30263 23294 20404 32451 16574 21658 28610 6247 5642 30370 20379 23896 16206 6624 11327 9643 11082 21529 21928 20106 26850 24361 1413 16504 13023 21861 24051 2409 29858 5068 863 28077 10625 14861 22808 17356 16365 484 10305 19498 14037 26711 26941 27681 22732 925 16395 32207
8612 22964 1280 25845 32373 4382 26725 31308 30097 29979 28028 30841 32201 18451 24539 2254 1755 25502 5495 25845 13808 18818 19438 21045 10447 16692 19747 16768 6981 23070 3470 9751 30648 30028 16093 3390 15605 5398 26219 10637 1839 31840 1644 462 9141 14544 8393 14157 6623 32090 28042 15428 22088 8389 7831 15672 16347 11070 7534 32444 27243 24369 11173 23611
21718 11570 24162 12045 18208 7442 10753 31716 22429 5277 19293 19948 7987 28263 11925 25519 30831 19111 12516 27726 12593 9310 26443 16594 964 21526 9087 9106 1004 22202 11033 18362 31581 21533 13094 18311 9468 24903 24436 23865 16255 21586 32337 28686 24744 27123 28104 25573 7779 2459 18498 4790 217 12197 22204 28381 30728 5008 7013 13135 23242 24981 2085 13250
24744 3424 27070 13580 20813 4766 30101 8777 19519 13546 2662 3196 29608 877 4813 2166 20910 28273 25689 32043 1816 31319 12836 7993 31775 200 3030 11373 4915 12031 28787 17312 28014 3998 4307 9589 30606 29629 17116 32170 17559 5910 14849 29034 8980 15949 27184 17968 20236 32130 26919 8416 15275 31972 673 16921 1094 13748 27288 4786 24285 17526 7586 25003
9910 26111 31410 26323 8812 22667 20229 32610 9625 5529 22918 25173 7597 21681 21857 14929 32549 947 21963 5264 2795 23340 2326 23763 27336 316 19829 19404 31198 7202 1091 10421 32568 28646 15193 23208 6843 19509 311 24297 22586 26277 1667 21987 23346 14597 15348 18743 29754 28017 26828 19701 25865 5578 13970 28971 6598 18382 26540 3691 2051 22970 5980 2035
4423 24357 784 19366 14070 7603 29342 20415 24410 2986 27493 26168 502 20004 12638 6027 28750 15393 16626 23497 24003 16853 26923 3869 19839 21108 5093 9188 4779 21990 24677 24941 318 29873 5491 26092 23344 4814 9616 8308 15946 4015 10151 13278 3321 5628 3903 7663 13261 23064 14993 28992 7330 1831 11616 20786 12060 19559 10907 15432 26399 16422 11216 25322
18534 15324 7427 4549 27024 418 24880 25657 22490 5157 9349 31511 29315 5815 17433 5931 21687 3341 18783 24583 23981 9505 17404 835 2038 12069 25875 5381 5483 5943 2566 22878 10335 1026 6973 28896 25423 4262 29067 26343 1505 27710 5672 7107 2876 13920 5785 2265 24133 18194 3779 25537 17062 15857 11382 13262 19809 23816 3277 12801 20408 14328 25828 16086
1801 22726 13607 15889 31272 23857 3128 11153 10562 1727 26975 21430 31172 19715 7507 9876 31002 5639 27812 27139 13509 10326 29650 28608 17651 10839 14191 26937 27174 17103 27078 17125 29423 14529 7262 20365 21081 18555 6527 13713 29305 26198 24009 27547 21198 11608 11013 20387 23522 29067 21692 7633 5865 2022 2049 26817 335 5341 20284 218 15136 6028 2046 3473
4141 19131 21678 31655 13590 11048 8693 23570 8867 26738 3208 5709 17848 25570 28504 26407 17540 10107 5227 30108 2139 27603 20420 17922 30575 27137 10245 8165 7226 10193 17370 31938 11739 20828 5662 8205 29575 12105 8351 26655 1285 6805 7029 17077 1441 27803 3104 18120 14789 9947 23813 958 30719 13357 18188 24460 27753 6995 24724 20803 19338 24567 7718 7211
17399 7525 2946 2949 14909 4322 31120 15663 24859 24103 23757 8230 13065 7954 24351 3041 21874 26964 18593 18808 18450 32173 24539 9224 31675 428 20646 22889 28029 26223 20521 6075 6601 15972 11660 2601 5420 1262 21777 19507 9496 6865 7011 5438 1507 4374 16452 32559 22284 15142 7025 19565 16991 21492 26531 26897 30227 20152 17234 7795 28466 29099 7209 26758
21716 12775 31326 21542 25640 1767 7993 4386 2293 16205 21330 26941 30770 12245 29804 22267 16111 8603 395 11938 7421 27218 12587 26111 22681 27924 15875 25280 2391 29827 29292 31800 12343 20788 18842 7928 32727 19654 27668 23303 27132 20668 5935 24552 12577 20360 5284 5068 12794 8191 2370 2296 20354 6927 17134 6451 7349 3805 5091 4623 9083 24854 10936 5884
7322 15737 31988 4389 20270 8590 68 7823 7881 18556 25016 2018 28827 29072 10730 14220 26041 6933 6639 18477 30914 27944 18939 22502 8286 10950 1487 24862 22507 16949 4691 12266 2200 2697 19778 22654 3437 26189 15903 4882 987 127 5123 31626 15207 292 15727 5951 21775 6921 10055 19540 5379 24732 4438 18550 26333 10162 11974 32709 22539 27457 3717 2039
4519 26632 29708 8921 145 31136 14161 23076 152 28186 24629 21591 1979 18029 7508 1831 32092 11239 24877 2772 17594 16683 15837 1838 29207 30401 31964 7571 28974 32408 5020 15202 23933 2343 29089 14673 24658 17854 8959 29087 17626 27487 24750 4281 10845 20530 5616 8567 25643 7313 8189 29415 25536 16287 3748 13724 29787 23531 30378 237 29168 2673 12390 3483
23552 2774 12195 32252 11674 13557 30820 12340 32499 20209 7099 11376 17461 5112 24461 26491 9557 23601 19812 21653 12558 4495 25047 13399 6819 9492 3392 28841 12302 31818 28219 12216 12713 6265 16410 3122 14977 19638 28151 3188 19002 4697 13258 11119 28779 1195 172 32076 18863 13875 2476 2610 18167 22436 15901 18252 12132 3998 14994 12331 28351 10951 17781 16733
2675 3869 30984 15170 8896 12052 7432 28255 5651 18137 1045 22325 29436 24513 25796 16373 9776 11443 19856 9305 9181 2656 8314 25745 21972 7298 11375 19972 25998 13847 26231 19497 5436 24365 11381 17332 29872 17102 2532 19312 17785 6340 27098 28330 10198 28894 26500 30245 924 12665 18571 22634 875 11616 20138 28074 7602 4834 15342 1294 10161 32477 5933 31142
26550 27817 15620 18177 19136 16850 20593 19754 18177 8530 31238 2174 29297 3069 5267 23388 20139 32104 15274 29067 18515 2339 28168 4958 12178 28958 29024 28677 11238 29587 25867 17333 2763 11737 20224 31190 5487 28226 13655 16936 25966 18162 25450 26631 28131 32270 23506 17814 4276 18042 4316 1054 13951 11086 7917 9213 20898 3181 21698 20397 13511 29805 27535 24440
28552 18560 22001 12492 21956 11767 23449 6565 4272 27685 15722 1178 7554 13346 31263 9591 28883 5164 28359 9153 15826 28018 23698 1072 1272 7917 19116 9062 22950 3521 28482 8899 3205 28054 16044 4007 2121 19595 24250 10637 24434 11469 815 874 24051 22798 22159 8445 32151 29307 2322 23502 5465 16977 24941 4682 31574 1082 15811 21581 28646 18665 3387 9221
25551 13178 30177 6932 128 9177 4448 32519 2335 27142 31575 25574 22220 10637 5176 2216 32549 17237 27963 10837 26380 2464 20503 13323 9590 25733 21675 13018 5332 21420 16157 21691 12624 11942 2864 27876 29922 27396 8302 31110 6259 25721 19496 7829 11430 16104 6251 26408 4583 28303 3048 15767 19457 10835 24748 20217 6610 3622 29814 1788 6140 15904 29593 22103
440 2278 12473 19147 31569 27645 23214 28753 5755 9521 31804 30324 13242 4124 17786 27532 18863 12377 16054 13319 22824 13145 21160 27426 5103 15792 20375 29362 1546 3855 31600 18862 29161 22285 22314 24474 13848 24454 23787 8851 28193 29939 8123 15569 25338 27001 10740 28143 7526 17973 2698 7879 31873 17127 25421 16497 19490 5259 16721 26417 5147 28381 2801 22761
22235 27944 9812 22271 29023 12216 25237 12778 18490 8717 29185 18345 18342 6865 25708 20129 23342 14955 24164 1697 27355 29757 2178 28280 26588 32262 13739 27768 11163 10477 4096 15342 3593 28983 4666 7106 28964 24841 31456 26479 8197 21683 7129 23174 14699 7186 31666 28632 25876 3580 3760 13191 24069 5095 12338 7868 17011 17131 24030 31601 22172 17286 7311 30543
13911 27740 19619 30847 12218 25040 25193 838 20544 12747 26151 16859 3830 26738 27550 2524 30256 284 19730 30352 25487 23175 17458 20867 20072 2964 28997 10895 19631 28214 9639 5556 4477 6806 21288 23270 19642 72 16723 22187 22694 3146 6428 24801 4883 20501 9800 6580 12372 14880 23742 13940 31740 28181 12956 5410 20278 4228 15059 27881 24637 1724 22242 7117
19953 14577 22987 31095 27776 18200 3561 26751 7166 25860 18408 29173 31296 42 18895 10835 12851 2809 17222 32393 19071 27048 15029 26568 11156 14711 13057 9175 3170 29799 14962 30396 31052 4671 20992 7102 18469 89 21441 25682 22181 30978 18663 14706 6347 410 19093 14404 30216 5416 13800 20546 5429 11193 15947 972 6210 27386 26172 17169 25411 6654 30108 9472
23353 2635 20037 17681 11765 7958 8025 5110 3472 7771 6743 27409 6504 28198 20997 28631 14532 3120 868 30505 21977 10985 22422 22140 23379 17021 26589 18250 7402 7717 22975 23015 30934 26511 561 463 12909 20309 20030 9094 13792 12161 29573 456 29770 7181 4561 1490 10674 22156 14923 8030 6915 4421 29597 24934 26610 238 4499 16206 1690 19011 2514 23415
165 7015 7939 5913 20907 27804 934 28664 21727 17693 17025 18976 26302 53 19380 27286 8866 19752 19407 28306 31197 24075 12561 17959 4782 25544 20314 10141 4783 16357 29795 23260 24305 18633 19635 21776 16754 7924 406 8228 22674 32354 22092 24345 11075 1740 19890 6102 10387 22865 27413 24455 20572 19952 17330 15546 7747 11432 14310 22668 18675 17570 25117 1878
15030 18805 32648 19349 13211 24174 9858 18520 26813 6114 30091 22914 12835 8814 8923 14522 29914 12586 26886 8204 6140 18918 7215 13376 24801 5992 12696 18142 22388 25732 22724 7076 6925 29106 27169 8579 18705 7468 20332 22623 28785 4319 8633 29147 6795 20938 14472 27797 18126 29351 19615 12663 2294 7260 5254 24147 16888 32429 25584 22244 996 10985 4792 9717
29970 21116 19470 20077 30026 22495 24199 5139 8205 7977 18132 21676 11300 23496 14369 25610 15852 23802 26564 2983 19962 11530 24808 25806 20605 28418 13690 535 15725 12780 19193 19024 25169 14906 23771 30427 4671 19668 9817 22118 10192 12648 6035 26983 4401 557 21852 6336 31877 26767 10384 637 2153 816 1302 2590 12727 26727 5697 3897 3852 18502 7586 16259
16297 13303 5028 11015 25830 6514 31063 24303 27355 16380 22036 19396 4382 27328 20733 24458 21221 32123 26404 11738 25869 20062 3653 29706 10375 3691 22210 7405 12904 28084 15600 18067 29884 17682 2854 18457 21035 32324 7694 27132 27326 11336 18700 14234 2980 32494 28694 5398 13051 2165 28667 5149 337 13755 20862 24839 29997 1727 19289 16088 814 26079 15037 23714
